== q320
scene      chnk  objs  rle    pxK    xluK   fillK lights |   S1med   S1p90   flats    objs |  strip    npc   lerp  dirty   show
start        20   704  115    126     2.2     0.6      4 |  0.0596  0.0878  0.0014  0.0649 | 0.0121 0.0132 0.0588 0.0585 0.5811
brit_st      20   661  111    138     2.5     0.1      8 |  0.0580  0.0854  0.0014  0.0632 | 0.0165 0.0112 0.0585 0.0576 0.5888
brit_mkt     20   523   97    120     1.6     0.7      0 |  0.0439  0.0566  0.0014  0.0455 | 0.0201 0.0155 0.0440 0.0441 0.5849
castle       20  1230  153    189    23.0    22.8      6 |  0.2101  0.2507  0.0017  0.2150 | 0.0677 0.0554 0.2076 0.2110 0.5822
throne       20  1027  157    184    20.5    19.7      5 |  0.1700  0.2049  0.0016  0.1779 | 0.0510 0.0357 0.1772 0.1723 0.5783
forest       20   190   63     99     0.6     0.1      0 |  0.0258  0.0290  0.0013  0.0209 | 0.0066 0.0056 0.0258 0.0260 0.5754
dung         24   328   61     98     1.0     0.1      1 |  0.0260  0.0271  0.0013  0.0231 | 0.0083 0.0062 0.0262 0.0261 0.5122
brit_xlu     20   714  110    184    41.2     7.4     15 |  0.1237  0.1584  0.0013  0.1177 | 0.0184 0.0194 0.1312 0.1251 0.5772
scene          S1    S2 m1    S2 m2    S3 m1    S3 m2    S4 m1    S4 m2    S6 m1    S6 m2    m1/S1   m2/S1 cacheMB
start      0.0596   0.2238   0.1591   0.2968   0.2651   0.3818   0.3875   0.5445   0.7331      9.1    12.3   11.58
brit_st    0.0580   0.2196   0.1431   0.2975   0.2662   0.3849   0.4139   0.5529   0.8063      9.5    13.9   10.73
brit_mkt   0.0439   0.1640   0.0964   0.2280   0.1851   0.3037   0.2900   0.4421   0.6107     10.1    13.9    8.65
castle     0.2101   0.5346   0.4605   0.7173   0.6898   0.8939   0.9339   1.3259   1.5732      6.3     7.5   12.37
throne     0.1700   0.4661   0.4137   0.6386   0.6245   0.8099   0.8653   1.1861   1.4808      7.0     8.7   12.30
forest     0.0258   0.1303   0.0607   0.1809   0.1249   0.2333   0.2003   0.3546   0.4106     13.7    15.9   11.32
dung       0.0260   0.1237   0.0586   0.1636   0.1102   0.2090   0.1782   0.3229   0.3670     12.4    14.1    9.32
brit_xlu   0.1237   0.4222   0.3581   0.5933   0.5633   0.7736   0.8060   1.2263   1.4682      9.9    11.9   10.72
  breakdown at S=6 (mean ms): scene flats_m1 objs_m1 flatrle_m1 | flats_m2 objs_m2 flatrle_m2 cold_m2
  start      0.1797  0.3599  0.0025 |  0.0408  0.6962  0.0029  16.793
  brit_st    0.1786  0.3635  0.0093 |  0.0389  0.7619  0.0303  15.240
  brit_mkt   0.1772  0.2686  0.0015 |  0.0401  0.5793  0.0019  12.910
  castle     0.1864  1.1866  0.0002 |  0.0402  1.5536  0.0002  18.683
  throne     0.1834  1.0155  0.0002 |  0.0394  1.4812  0.0002  17.862
  forest     0.1805  0.1570  0.0211 |  0.0400  0.3278  0.0424  15.390
  dung       0.2167  0.1147  0.0006 |  0.0379  0.3259  0.0006  12.597
  brit_xlu   0.1819  0.8934  0.1729 |  0.0352  1.2597  0.1887  15.561
== q640
scene      chnk  objs  rle    pxK    xluK   fillK lights |   S1med   S1p90   flats    objs |  strip    npc   lerp  dirty   show
start        48  1153  331    443     5.8     1.3      6 |  0.2210  0.2624  0.0052  0.2142 | 0.0076 0.0132 0.2260 0.2175 0.5995
brit_st      42   898  307    500     4.7     1.0      9 |  0.1837  0.2130  0.0052  0.1819 | 0.0182 0.0079 0.1870 0.1838 0.6045
brit_mkt     48  1339  428    537     3.5     2.5      2 |  0.2616  0.3002  0.0061  0.2529 | 0.0320 0.0148 0.2639 0.2646 0.5987
castle       42  1517  499    738    91.6   121.0     12 |  0.5758  0.6203  0.0056  0.5774 | 0.0882 0.0528 0.5730 0.5763 0.5977
throne       48  1336  463    729    82.4   106.0     10 |  0.5518  0.5912  0.0053  0.5521 | 0.0796 0.0269 0.5514 0.5504 0.5958
forest       48   495  260    407     1.1     0.1      0 |  0.0997  0.1400  0.0047  0.0872 | 0.0122 0.0056 0.1008 0.0982 0.5978
dung         48   550  204    365     1.8     0.3     33 |  0.0751  0.1013  0.0049  0.0676 | 0.0124 0.0059 0.0745 0.0751 0.5081
brit_xlu     42   951  306    546    43.4     8.3     16 |  0.2791  0.3083  0.0052  0.2562 | 0.0197 0.0158 0.2810 0.2807 0.6022
scene          S1    S2 m1    S2 m2    S3 m1    S3 m2    m1/S1   m2/S1 cacheMB
start      0.2210   0.6651   0.4694   0.8624   0.7513      3.9     3.4    5.89
brit_st    0.1837   0.6548   0.4592   0.8743   0.7972      4.8     4.3    4.54
brit_mkt   0.2616   0.7511   0.5777   0.9789   0.9606      3.7     3.7    5.03
castle     0.5758   1.6571   1.4672   2.3428   2.3139      4.1     4.0    5.84
throne     0.5518   1.6090   1.4002   2.2908   2.1916      4.2     4.0    5.92
forest     0.0997   0.5212   0.3002   0.7033   0.5613      7.1     5.6    4.85
dung       0.0751   0.3664   0.2007   0.4902   0.3790      6.5     5.0    4.26
brit_xlu   0.2791   0.8464   0.6608   1.1746   1.1033      4.2     4.0    4.54
  breakdown at S=3 (mean ms): scene flats_m1 objs_m1 flatrle_m1 | flats_m2 objs_m2 flatrle_m2 cold_m2
  start      0.3120  0.5140  0.0455 |  0.0396  0.6641  0.0509   8.901
  brit_st    0.2706  0.5918  0.0236 |  0.0428  0.7103  0.0464   7.372
  brit_mkt   0.3087  0.6635  0.0298 |  0.0377  0.8648  0.0608   7.962
  castle     0.2731  2.1160  0.0002 |  0.0387  2.2955  0.0003   9.774
  throne     0.3081  2.0636  0.0002 |  0.0377  2.1919  0.0003   9.306
  forest     0.3054  0.3503  0.0481 |  0.0397  0.4591  0.0608   6.275
  dung       0.3149  0.1778  0.0131 |  0.0396  0.3450  0.0118   6.169
  brit_xlu   0.2773  0.8219  0.0950 |  0.0412  0.9887  0.1144   6.497
== q1280
scene      chnk  objs  rle    pxK    xluK   fillK lights |   S1med   S1p90   flats    objs |  strip    npc   lerp  dirty   show
start       108  1772 1118   1832    29.6    22.6      9 |  0.8038  0.8557  0.0216  0.6775 | 0.0045 0.0142 0.8047 0.8029 1.3221
brit_st     104  2281 1119   1893    15.7     4.7     11 |  0.7338  0.7823  0.0211  0.6951 | 0.0161 0.0081 0.7362 0.7339 1.3209
brit_mkt    104  2131 1409   2025    18.3     9.6     17 |  0.7684  0.8083  0.0205  0.7409 | 0.0373 0.0153 0.7727 0.7659 1.3257
castle      117  2478 1134   2237   186.1   258.9     13 |  1.1836  1.2784  0.0226  1.1826 | 0.0216 0.0547 1.1855 1.1759 1.3232
throne      104  2086  917   1996   147.2   202.0     12 |  0.9814  1.0676  0.0217  0.9882 | 0.0197 0.0271 0.9776 0.9802 1.3222
forest      117  1167 1149   1781     2.7     0.5      0 |  0.5620  0.6045  0.0215  0.4802 | 0.0171 0.0056 0.5629 0.5624 1.3217
dung        108  1164  724   1418     6.7    16.2     42 |  0.3061  0.3409  0.0195  0.2608 | 0.0129 0.0056 0.2998 0.3041 1.2393
brit_xlu    104  2335 1118   1939    54.4    12.0     18 |  0.8375  0.9062  0.0215  0.7980 | 0.0168 0.0164 0.8394 0.8388 1.3245
scene          S1    S2 m1    S2 m2    m1/S1   m2/S1 cacheMB
start      0.8038   2.2260   1.7778      2.8     2.2    5.31
brit_st    0.7338   2.1833   1.6139      3.0     2.2    4.39
brit_mkt   0.7684   2.3689   1.7714      3.1     2.3    4.39
castle     1.1836   3.9029   3.2644      3.3     2.8    5.09
throne     0.9814   3.2492   2.6151      3.3     2.7    4.56
forest     0.5620   1.9820   1.3470      3.5     2.4    3.51
dung       0.3061   1.2393   0.7778      4.0     2.5    3.08
brit_xlu   0.8375   2.4195   1.8349      2.9     2.2    4.39
  breakdown at S=2 (mean ms): scene flats_m1 objs_m1 flatrle_m1 | flats_m2 objs_m2 flatrle_m2 cold_m2
  start      0.6906  1.3816  0.2095 |  0.0859  1.5158  0.2284  10.271
  brit_st    0.7507  1.4279  0.0624 |  0.0913  1.4685  0.0781   8.134
  brit_mkt   0.7587  1.5975  0.0461 |  0.0871  1.6413  0.0595   8.213
  castle     0.7744  3.2243  0.0034 |  0.1130  3.2692  0.0035  11.829
  throne     0.7530  2.5511  0.0029 |  0.0898  2.5982  0.0025   8.934
  forest     0.7517  1.1111  0.1272 |  0.0894  1.1506  0.1321   5.676
  dung       0.6990  0.5074  0.0500 |  0.0888  0.6489  0.0392   4.694
  brit_xlu   0.7815  1.6093  0.1104 |  0.0887  1.6866  0.1232   7.223
== q1720
scene      chnk  objs  rle    pxK    xluK   fillK lights |   S1med   S1p90   flats    objs |  strip    npc   lerp  dirty   show
start       128  2054 1304   2194    29.1    22.8     11 |  0.9486  1.1038  0.0249  0.7579 | 0.0096 0.0143 0.9524 0.9496 3.0091
brit_st     128  2884 1298   2280    17.2     5.2     11 |  0.9060  0.9490  0.0243  0.8231 | 0.0248 0.0083 0.9110 0.9104 3.0441
brit_mkt    128  2615 1721   2542    22.0    10.8     19 |  0.9522  1.0130  0.0249  0.9192 | 0.0329 0.0147 0.9563 0.9506 3.0411
castle      128  2726 1393   2627   174.0   244.0     13 |  1.3692  1.4562  0.0258  1.3617 | 0.0308 0.0572 1.3788 1.3743 3.0485
throne      128  2334 1123   2344   138.0   191.1     12 |  1.1143  1.1539  0.0262  1.0916 | 0.0270 0.0275 1.1117 1.1111 3.0103
forest      128  1454 1387   2129     3.6     0.5      0 |  0.6614  0.7108  0.0265  0.5725 | 0.0141 0.0055 0.6657 0.6641 3.0166
dung        128  1183  929   1887     6.6   175.6     42 |  0.4273  0.4703  0.0250  0.3298 | 0.0138 0.0076 0.4268 0.4296 2.5971
brit_xlu    128  2938 1297   2326    55.9    12.5     18 |  1.0027  1.0432  0.0249  0.9106 | 0.0251 0.0165 1.0050 1.0123 3.0112
scene          S1    S2 m1    S2 m2    m1/S1   m2/S1 cacheMB
start      0.9486   2.6857   2.1020      2.8     2.2    6.21
brit_st    0.9060   2.5996   1.9643      2.9     2.2    5.10
brit_mkt   0.9522   2.8796   2.2368      3.0     2.3    5.13
castle     1.3692   4.1888   3.5103      3.1     2.6    6.06
throne     1.1143   3.5302   2.8350      3.2     2.5    5.60
forest     0.6614   2.2658   1.5892      3.4     2.4    3.94
dung       0.4273   1.6708   1.1126      3.9     2.6    4.23
brit_xlu   1.0027   2.8164   2.1915      2.8     2.2    5.10
  breakdown at S=2 (mean ms): scene flats_m1 objs_m1 flatrle_m1 | flats_m2 objs_m2 flatrle_m2 cold_m2
  start      0.8458  1.5435  0.3424 |  0.1161  1.6707  0.3587  13.242
  brit_st    0.8373  1.6753  0.1168 |  0.1015  1.7524  0.1500   9.081
  brit_mkt   0.8534  2.0106  0.0543 |  0.1012  2.0960  0.0682   9.673
  castle     0.8401  3.3648  0.0170 |  0.1057  3.4452  0.0198  12.591
  throne     0.8594  2.7361  0.0099 |  0.1090  2.7532  0.0092   9.794
  forest     0.8456  1.2966  0.1517 |  0.1084  1.3580  0.1557   6.489
  dung       0.8331  0.6082  0.0679 |  0.0980  0.7903  0.0611   6.413
  brit_xlu   0.8323  1.8426  0.1603 |  0.1058  1.9164  0.1905   8.605
== q1920
scene      chnk  objs  rle    pxK    xluK   fillK lights |   S1med   S1p90   flats    objs |  strip    npc   lerp  dirty   show
start       198  2858 1878   3531    36.9    25.6     15 |  2.1678  2.3139  0.8011  1.1392 | 0.0079 0.0146 2.1690 2.1603 2.6856
brit_st     187  3863 2432   4015    35.1     9.5     17 |  1.5440  1.6646  0.0412  1.4209 | 0.0273 0.0116 1.5440 1.5391 2.6849
brit_mkt    198  3586 2225   3755    32.4    13.1     21 |  1.2954  1.3893  0.0409  1.2597 | 0.0215 0.0196 1.3396 1.2990 2.7387
castle      187  3021 1990   4050   225.2   308.5     13 |  2.4982  2.7248  0.7111  1.8378 | 0.0173 0.0565 2.4926 2.4873 2.6758
throne      198  3204 1727   3760   191.5   256.7     13 |  2.2812  2.4516  0.7402  1.5697 | 0.0320 0.0373 2.2829 2.2744 2.6741
forest      198  1997 2320   3608     6.5     1.1      0 |  1.0588  1.1012  0.0395  0.9005 | 0.0229 0.0056 1.0632 1.0571 2.6825
dung        198  1842 1363   3271     7.2   433.9     49 |  0.7899  0.8278  0.0407  0.5772 | 0.0215 0.0058 0.7855 0.7890 2.4827
brit_xlu    187  3917 2431   4061    73.8    16.8     24 |  1.6911  1.7540  0.0420  1.5400 | 0.0300 0.0208 1.6872 1.6869 2.6736
== q320O0
scene      chnk  objs  rle    pxK    xluK   fillK lights |   S1med   S1p90   flats    objs |  strip    npc   lerp  dirty   show
start        20   704  115    126     2.2     0.6      4 |  0.7372  0.8030  0.0027  0.7469 | 0.0970 0.0939 0.7494 0.7397 1.5749
brit_st      20   661  111    138     2.5     0.1      8 |  0.8185  0.8891  0.0027  0.8121 | 0.1399 0.0923 0.8211 0.8202 1.5906
brit_mkt     20   523   97    120     1.6     0.7      0 |  0.6182  0.6626  0.0027  0.6201 | 0.1413 0.1113 0.6240 0.6254 1.5847
castle       20  1230  153    189    23.0    22.8      6 |  1.4969  1.5789  0.0029  1.5156 | 0.3947 0.3572 1.5062 1.5054 1.5831
throne       20  1027  157    184    20.5    19.7      5 |  1.4027  1.4373  0.0030  1.4016 | 0.3265 0.2335 1.3936 1.3942 1.5855
forest       20   190   63     99     0.6     0.1      0 |  0.3960  0.4165  0.0023  0.3333 | 0.0548 0.0566 0.3913 0.3949 1.5746
dung         24   328   61     98     1.0     0.1      1 |  0.3580  0.3724  0.0023  0.3081 | 0.0698 0.0599 0.3590 0.3564 1.5071
brit_xlu     20   714  110    184    41.2     7.4     15 |  1.1594  1.2062  0.0027  1.0703 | 0.1509 0.1499 1.1598 1.1676 1.5795
scene          S1    S6 m1    S6 m2    m1/S1   m2/S1 cacheMB
start      0.7372   1.9007  13.6426      2.6    18.5   11.58
brit_st    0.8185   1.8047  16.3852      2.2    20.0   10.73
brit_mkt   0.6182   1.4821  12.1757      2.4    19.7    8.65
castle     1.4969   7.0983  22.8463      4.7    15.3   12.37
throne     1.4027   6.1059  22.2088      4.4    15.8   12.30
forest     0.3960   1.1411   8.1501      2.9    20.6   11.32
dung       0.3580   1.0761   6.1305      3.0    17.1    9.32
brit_xlu   1.1594   7.0661  21.6294      6.1    18.7   10.72
  breakdown at S=6 (mean ms): scene flats_m1 objs_m1 flatrle_m1 | flats_m2 objs_m2 flatrle_m2 cold_m2
  start      0.5133  1.4217  0.0115 |  0.0622 13.7521  0.0114  53.571
  brit_st    0.4921  1.3288  0.0311 |  0.0562 15.8619  0.6376  51.078
  brit_mkt   0.4732  1.0674  0.0108 |  0.0564 12.1634  0.0111  36.050
  castle     0.4699  6.6314  0.0012 |  0.0651 22.9511  0.0013  61.061
  throne     0.4735  5.6800  0.0013 |  0.0551 22.1983  0.0012  56.866
  forest     0.4682  0.6105  0.0783 |  0.0496  7.2113  0.9550  38.675
  dung       0.5561  0.4751  0.0039 |  0.0441  6.1329  0.0036  29.671
  brit_xlu   0.4726  5.5096  1.2013 |  0.0631 19.9745  1.8267  52.950
